&param
wmass = 32831.2525000000023283
omass = 29156.9471000000012282
hmass = 1837.1527000000000953
qo = -1.1140449862064035
alpha = 0.6641041012471145
oo_sig = 8.3961222031578586
oo_eps = 0.0000060877869256
oo_gam = 19.4894571302613784
thetad = 107.2478734425929616
reoh = 1.8220035601101294
apot = 0.1363519199467758
bpot = 0.0625337002438234
alp = 1.3551576036061104
alpb = 0.0000000000000000
wm = 0.0000000000000000
wh = 0.0000000000000000
&end
