&param
wmass = 32831.2525000000023283
omass = 29156.9471000000012282
hmass = 1837.1527000000000953
qo = -1.1239584755090875
alpha = 0.6664887530353890
oo_sig = 7.2249245703747444
oo_eps = 0.0000721404216499
oo_gam = 16.9195106175729393
thetad = 107.5213292343071885
reoh = 1.8272371291228404
apot = 0.1348326192142758
bpot = 0.0619186147572182
alp = 1.3518670591742550
alpb = 0.0000000000000000
wm = 0.0000000000000000
wh = 0.0000000000000000
&end
