&param
wmass = 32831.2525000000023283
omass = 29156.9471000000012282
hmass = 1837.1527000000000953
qo = -1.1155825132535768
alpha = 0.6723928205193315
oo_sig = 6.4159226303082031
oo_eps = 0.0005791459157682
oo_gam = 14.0227715635677512
thetad = 107.6337180450321540
reoh = 1.8293122732787115
apot = 0.1337466256389598
bpot = 0.0618975593494776
alp = 1.3507855631370633
alpb = 0.0000000000000000
wm = 0.0000000000000000
wh = 0.0000000000000000
&end
