&param
wmass = 32831.2525000000023283
omass = 29156.9471000000012282
hmass = 1837.1527000000000953
qo = -1.1245419249975022
alpha = 0.6663492743419501
oo_sig = 6.9199364342109337
oo_eps = 0.0001353199468244
oo_gam = 16.3185500292647880
thetad = 107.5198748273216154
reoh = 1.8273247555812726
apot = 0.1348610262180406
bpot = 0.0618978983578817
alp = 1.3515653389404916
alpb = 0.0000000000000000
wm = 0.0000000000000000
wh = 0.0000000000000000
&end
