&param
wmass = 32831.2525000000023283
omass = 29156.9471000000012282
hmass = 1837.1527000000000953
qo = -1.1092776398420057
alpha = 0.6653306347550496
oo_sig = 7.4701405587079224
oo_eps = 0.0000595417998848
oo_gam = 16.5959033595659839
thetad = 107.2316702942982118
reoh = 1.8218424065141112
apot = 0.1357385424238306
bpot = 0.0625276313717109
alp = 1.3581617019683612
alpb = 0.0000000000000000
wm = 0.0000000000000000
wh = 0.0000000000000000
&end
