&param
wmass = 32831.2525000000023283
omass = 29156.9471000000012282
hmass = 1837.1527000000000953
qo = -1.0883209768058280
alpha = 0.6673847688209306
oo_sig = 6.7968490027595134
oo_eps = 0.0002813684161909
oo_gam = 14.7706635267059454
thetad = 106.4047541297319697
reoh = 1.8261547430145082
apot = 0.1349169131196826
bpot = 0.0650192356762466
alp = 1.3509414568124452
alpb = 0.0000000000000000
wm = 0.0000000000000000
wh = 0.0000000000000000
&end
