&param
wmass = 32831.2525000000023283
omass = 29156.9471000000012282
hmass = 1837.1527000000000953
qo = -1.0738274028765187
alpha = 0.6786203643402222
oo_sig = 7.4027904026034479
oo_eps = 0.0000456873803547
oo_gam = 17.5485359374422814
thetad = 107.8412480859454234
reoh = 1.8294702295927752
apot = 0.1340645961157692
bpot = 0.0626795659600904
alp = 1.3457238317105955
alpb = 0.0000000000000000
wm = 0.0000000000000000
wh = 0.0000000000000000
&end
