&param
wmass = 32831.2525000000023283
omass = 29156.9471000000012282
hmass = 1837.1527000000000953
qo = -1.1198195851061385
alpha = 0.6675640770679595
oo_sig = 6.8007892187343923
oo_eps = 0.0002171909619114
oo_gam = 15.3930147145269878
thetad = 107.5035002085635512
reoh = 1.8271667536995708
apot = 0.1342500253201194
bpot = 0.0618914003107214
alp = 1.3545431048309289
alpb = 0.0000000000000000
wm = 0.0000000000000000
wh = 0.0000000000000000
&end
