&param
wmass = 32831.2525000000023283
omass = 29156.9471000000012282
hmass = 1837.1527000000000953
qo = -1.0624292924267253
alpha = 0.6788492765040787
oo_sig = 6.5670904709779387
oo_eps = 0.0003965448239707
oo_gam = 14.5654150726530958
thetad = 107.8627327549740045
reoh = 1.8318221351349320
apot = 0.1324697715166939
bpot = 0.0625651667325217
alp = 1.3478664581172595
alpb = 0.0000000000000000
wm = 0.0000000000000000
wh = 0.0000000000000000
&end
