&param
wmass = 32831.2525000000023283
omass = 29156.9471000000012282
hmass = 1837.1527000000000953
qo = -1.0583075171255070
alpha = 0.6833534335127656
oo_sig = 6.4233187146533073
oo_eps = 0.0006042757448071
oo_gam = 13.8720090468326713
thetad = 107.8141297460150412
reoh = 1.8294891147318082
apot = 0.1327292097551012
bpot = 0.0625154614718816
alp = 1.3514542015451192
alpb = 0.0000000000000000
wm = 0.0000000000000000
wh = 0.0000000000000000
&end
