&param
wmass = 32831.2525000000023283
omass = 29156.9471000000012282
hmass = 1837.1527000000000953
qo = -1.0751789806830423
alpha = 0.6761956234603133
oo_sig = 6.4273013376890651
oo_eps = 0.0005583407096850
oo_gam = 14.2100314614956496
thetad = 108.0055806504566647
reoh = 1.8296058587071609
apot = 0.1335538295755627
bpot = 0.0625328267616992
alp = 1.3473004181666928
alpb = 0.0000000000000000
wm = 0.0000000000000000
wh = 0.0000000000000000
&end
