&param
wmass = 32831.2525000000023283
omass = 29156.9471000000012282
hmass = 1837.1527000000000953
qo = -1.1248108786952091
alpha = 0.6650707400296250
oo_sig = 6.5779312408955493
oo_eps = 0.0003750044759375
oo_gam = 14.7292666237178818
thetad = 107.6246147231607608
reoh = 1.8273188868631500
apot = 0.1345165100441670
bpot = 0.0618265825517896
alp = 1.3528433492305474
alpb = 0.0000000000000000
wm = 0.0000000000000000
wh = 0.0000000000000000
&end
