&param
wmass = 32831.2525000000023283
omass = 29156.9471000000012282
hmass = 1837.1527000000000953
qo = -1.1284368694362548
alpha = 0.6688963096593077
oo_sig = 7.1492819940017691
oo_eps = 0.0000795859696925
oo_gam = 16.9374394667214609
thetad = 107.6597704837736842
reoh = 1.8293198242634707
apot = 0.1349765797022069
bpot = 0.0620317611450055
alp = 1.3454763716460671
alpb = 0.0000000000000000
wm = 0.0000000000000000
wh = 0.0000000000000000
&end
