&param
wmass = 32831.2525000000023283
omass = 29156.9471000000012282
hmass = 1837.1527000000000953
qo = -1.0905883346586955
alpha = 0.7072921191689113
oo_sig = 7.0752872532293942
oo_eps = 0.0000628218329731
oo_gam = 17.9071323631243438
thetad = 108.4136821516143527
reoh = 1.8027018026941994
apot = 0.1552161430178003
bpot = 0.0643298280811618
alp = 1.3296351366986954
alpb = 0.0000000000000000
wm = 0.0000000000000000
wh = 0.0000000000000000
&end
