&param
wmass = 32831.2525000000023283
omass = 29156.9471000000012282
hmass = 1837.1527000000000953
qo = -1.1130953771345393
alpha = 0.6690610657355849
oo_sig = 6.3940618242591851
oo_eps = 0.0006261308861955
oo_gam = 13.8535727690989230
thetad = 107.6940610214231953
reoh = 1.8326266078266911
apot = 0.1327326470260226
bpot = 0.0618756101596239
alp = 1.3484323495489277
alpb = 0.0000000000000000
wm = 0.0000000000000000
wh = 0.0000000000000000
&end
