&param
wmass = 32831.2525000000023283
omass = 29156.9471000000012282
hmass = 1837.1527000000000953
qo = -1.0963968885713768
alpha = 0.6652291080728573
oo_sig = 7.7415857477866448
oo_eps = 0.0000281455755503
oo_gam = 17.7885864621780279
thetad = 106.4295785362518103
reoh = 1.8262099240857887
apot = 0.1357866697447461
bpot = 0.0650928240441670
alp = 1.3470807683488424
alpb = 0.0000000000000000
wm = 0.0000000000000000
wh = 0.0000000000000000
&end
