&param
wmass = 32831.2525000000023283
omass = 29156.9471000000012282
hmass = 1837.1527000000000953
qo = -1.0738308275185817
alpha = 0.6587973999349103
oo_sig = 5.9701655840409078
oo_eps = 0.0002321988720309
oo_gam = 0.0000000000000000
thetad = 107.4037099037852414
reoh = 1.8301403863106018
apot = 0.1662503233997183
bpot = 0.0627962801110421
alp = 1.2088532000528853
alpb = 0.0000000000000000
wm = 0.0000000000000000
wh = 0.0000000000000000
&end
