&param
wmass = 32831.2525000000023283
omass = 29156.9471000000012282
hmass = 1837.1527000000000953
qo = -1.0805655153692229
alpha = 0.6519408154532197
oo_sig = 5.9925010511950427
oo_eps = 0.0002191316777833
oo_gam = 0.0000000000000000
thetad = 107.4414479899209738
reoh = 1.8319727630820231
apot = 0.1331916484323972
bpot = 0.0627993302543539
alp = 1.3431818133708560
alpb = 0.0000000000000000
wm = 0.0000000000000000
wh = 0.0000000000000000
&end
