&param
wmass = 32831.2525000000023283
omass = 29156.9471000000012282
hmass = 1837.1527000000000953
qo = -1.1316300247056503
alpha = 0.6553854178454346
oo_sig = 5.9725380384731208
oo_eps = 0.0002281041909731
oo_gam = 0.0000000000000000
thetad = 107.4081374985945843
reoh = 1.8296815475885944
apot = 0.1611630702313260
bpot = 0.0618541935021501
alp = 1.2319738991531382
alpb = 0.0000000000000000
wm = 0.0000000000000000
wh = 0.0000000000000000
&end
