&param
wmass = 32831.2525000000023283
omass = 29156.9471000000012282
hmass = 1837.1527000000000953
qo = -1.0552116568232668
alpha = 0.7115082356914353
oo_sig = 6.0644726507867892
oo_eps = 0.0002056820759722
oo_gam = 0.0000000000000000
thetad = 107.2124945683217305
reoh = 1.8264764667884246
apot = 0.1207233281544213
bpot = 0.0638198501691980
alp = 1.4259898203311827
alpb = 0.0000000000000000
wm = 0.0000000000000000
wh = 0.0000000000000000
&end
