&param
wmass = 32831.2525000000023283
omass = 29156.9471000000012282
hmass = 1837.1527000000000953
qo = -1.1041548474749545
alpha = 0.6693441063514541
oo_sig = 6.0271626291216300
oo_eps = 0.0002128102253998
oo_gam = 0.0000000000000000
thetad = 107.3768812326616029
reoh = 1.8223076631371986
apot = 0.1350350918354663
bpot = 0.0619773661686190
alp = 1.3600378787616467
alpb = 0.0000000000000000
wm = 0.0000000000000000
wh = 0.0000000000000000
&end
