&param
wmass = 32831.2525000000023283
omass = 29156.9471000000012282
hmass = 1837.1527000000000953
qo = -1.1436866606199745
alpha = 0.6560289223961013
oo_sig = 6.0329653710974389
oo_eps = 0.0002103481139432
oo_gam = 0.0000000000000000
thetad = 107.4176147447862917
reoh = 1.8098966067755584
apot = 0.1377254716933183
bpot = 0.0627003221403172
alp = 1.3670560417964688
alpb = 0.0000000000000000
wm = 0.0000000000000000
wh = 0.0000000000000000
&end
