&param
wmass = 32831.2525000000023283
omass = 29156.9471000000012282
hmass = 1837.1527000000000953
qo = -1.0318123105539387
alpha = 0.7298149823014203
oo_sig = 5.9782060949081579
oo_eps = 0.0002513613860605
oo_gam = 0.0000000000000000
thetad = 107.3783136524975816
reoh = 1.8273353772433976
apot = 0.1619888095102179
bpot = 0.0634051341058466
alp = 1.2315848310163116
alpb = 0.0000000000000000
wm = 0.0000000000000000
wh = 0.0000000000000000
&end
