&param
wmass = 32831.2525000000023283
omass = 29156.9471000000012282
hmass = 1837.1527000000000953
qo = -1.0563775241236741
alpha = 0.6814784808792193
oo_sig = 5.8721843044358746
oo_eps = 0.0002740970425348
oo_gam = 0.0000000000000000
thetad = 107.7905809291633830
reoh = 1.8296500688721684
apot = 0.1327213523724144
bpot = 0.0623884453074991
alp = 1.3506042632532802
alpb = 0.0000000000000000
wm = 0.0000000000000000
wh = 0.0000000000000000
&end
