&param
wmass = 32831.2525000000023283
omass = 29156.9471000000012282
hmass = 1837.1527000000000953
qo = -1.0865687165642646
alpha = 0.6627048729907614
oo_sig = 5.8748498394932334
oo_eps = 0.0001897522009303
oo_gam = 0.0000000000000000
thetad = 106.3402388918323425
reoh = 1.8264976369594288
apot = 0.1347975643720181
bpot = 0.0648099299752506
alp = 1.3494232154324521
alpb = 0.0000000000000000
wm = 0.0000000000000000
wh = 0.0000000000000000
&end
