&param
wmass = 32831.2525000000023283
omass = 29156.9471000000012282
hmass = 1837.1527000000000953
qo = -1.0904554573250056
alpha = 0.7067246573723709
oo_sig = 6.7968220833282569
oo_eps = 0.0000410349712031
oo_gam = 0.0000000000000000
thetad = 108.4074967171199688
reoh = 1.8027308869841410
apot = 0.1552271243255563
bpot = 0.0643095038433985
alp = 1.3293542856904568
alpb = 0.0000000000000000
wm = 0.0000000000000000
wh = 0.0000000000000000
&end
