&param
wmass = 32831.2525000000023283
omass = 29156.9471000000012282
hmass = 1837.1527000000000953
qo = -1.1170410258542898
alpha = 0.6640270484638643
oo_sig = 6.0751906652547252
oo_eps = 0.0001749997000434
oo_gam = 0.0000000000000000
thetad = 107.4538212843696243
reoh = 1.8274405402509459
apot = 0.1341521514218382
bpot = 0.0616713512385749
alp = 1.3531198725976696
alpb = 0.0000000000000000
wm = 0.0000000000000000
wh = 0.0000000000000000
&end
