&param
wmass = 32831.2525000000023283
omass = 29156.9471000000012282
hmass = 1837.1527000000000953
qo = -1.1237106886193873
alpha = 0.6648954803937881
oo_sig = 5.7343892677844286
oo_eps = 0.0003206351483514
oo_gam = 0.0000000000000000
thetad = 107.3400278015980120
reoh = 1.8110679586028635
apot = 0.1388347386637272
bpot = 0.0625730825876999
alp = 1.3583569363293599
alpb = 0.0000000000000000
wm = 0.0000000000000000
wh = 0.0000000000000000
&end
