&param
wmass = 32831.2525000000023283
omass = 29156.9471000000012282
hmass = 1837.1527000000000953
qo = -1.1022443946788187
alpha = 0.6693746299872420
oo_sig = 6.0133964499875230
oo_eps = 0.0002151160536672
oo_gam = 0.0000000000000000
thetad = 107.3806294872174760
reoh = 1.8225928303655907
apot = 0.1374798957181711
bpot = 0.0619228836387496
alp = 1.3472157205658777
alpb = 0.0000000000000000
wm = 0.0000000000000000
wh = 0.0000000000000000
&end
