&param
wmass = 32831.2525000000023283
omass = 29156.9471000000012282
hmass = 1837.1527000000000953
qo = -1.1309062895619255
alpha = 0.6490050386163125
oo_sig = 5.9723139027790948
oo_eps = 0.0002276457193838
oo_gam = 0.0000000000000000
thetad = 107.4092726683925605
reoh = 1.8330230800157090
apot = 0.1598086052369608
bpot = 0.0618970092871862
alp = 1.2308327887530239
alpb = 0.0000000000000000
wm = 0.0000000000000000
wh = 0.0000000000000000
&end
