&param
wmass = 32831.2525000000023283
omass = 29156.9471000000012282
hmass = 1837.1527000000000953
qo = -1.1347119898952955
alpha = 0.6555104286426564
oo_sig = 5.9746028985771336
oo_eps = 0.0002268088165733
oo_gam = 0.0000000000000000
thetad = 107.4062348386475776
reoh = 1.8276716812048859
apot = 0.1624860650493649
bpot = 0.0617059503139460
alp = 1.2324193675788624
alpb = 0.0000000000000000
wm = 0.0000000000000000
wh = 0.0000000000000000
&end
