&param
wmass = 32831.2525000000023283
omass = 29156.9471000000012282
hmass = 1837.1527000000000953
qo = -1.1308529982183000
alpha = 0.6568075255173671
oo_sig = 5.9744983444671664
oo_eps = 0.0002286053674081
oo_gam = 0.0000000000000000
thetad = 107.4057547683163847
reoh = 1.8275848017940470
apot = 0.1619903693955496
bpot = 0.0616403932338675
alp = 1.2341360957135312
alpb = 0.0000000000000000
wm = 0.0000000000000000
wh = 0.0000000000000000
&end
