&param
wmass = 32831.2525000000023283
omass = 29156.9471000000012282
hmass = 1837.1527000000000953
qo = -1.1438923702121766
alpha = 0.6512271343489584
oo_sig = 5.9734173208509711
oo_eps = 0.0002241309242197
oo_gam = 0.0000000000000000
thetad = 107.4088928181824940
reoh = 1.8297487987618954
apot = 0.1623235057646994
bpot = 0.0619527160854148
alp = 1.2282152314076773
alpb = 0.0000000000000000
wm = 0.0000000000000000
wh = 0.0000000000000000
&end
