&param
wmass = 32831.2525000000023283
omass = 29156.9471000000012282
hmass = 1837.1527000000000953
qo = -1.1356691508841665
alpha = 0.6552762793302989
oo_sig = 5.9732175379501635
oo_eps = 0.0002232790733124
oo_gam = 0.0000000000000000
thetad = 107.4064310963963322
reoh = 1.8277107900212370
apot = 0.1627352700044916
bpot = 0.0617887038952201
alp = 1.2317430442505291
alpb = 0.0000000000000000
wm = 0.0000000000000000
wh = 0.0000000000000000
&end
