&param
wmass = 32831.2525000000023283
omass = 29156.9471000000012282
hmass = 1837.1527000000000953
qo = -1.0890979218996768
alpha = 0.6546841885054570
oo_sig = 6.0024971679610086
oo_eps = 0.0002126668943698
oo_gam = 0.0000000000000000
thetad = 107.4419034473242789
reoh = 1.8295979750903477
apot = 0.1327960742823470
bpot = 0.0629542530938609
alp = 1.3509014714428003
alpb = 0.0000000000000000
wm = 0.0000000000000000
wh = 0.0000000000000000
&end
