&param
wmass = 32831.2525000000023283
omass = 29156.9471000000012282
hmass = 1837.1527000000000953
qo = -1.0992039458068508
alpha = 0.6712142012161264
oo_sig = 6.0257672178274966
oo_eps = 0.0002149573500733
oo_gam = 0.0000000000000000
thetad = 107.3744106819802795
reoh = 1.8222403865868508
apot = 0.1341427649100413
bpot = 0.0619347149896343
alp = 1.3641516829844407
alpb = 0.0000000000000000
wm = 0.0000000000000000
wh = 0.0000000000000000
&end
