&param
wmass = 32831.2525000000023283
omass = 29156.9471000000012282
hmass = 1837.1527000000000953
qo = -1.1228457477672609
alpha = 0.6579764179571836
oo_sig = 6.0121671229230556
oo_eps = 0.0002209249077750
oo_gam = 0.0000000000000000
thetad = 107.4243422657220606
reoh = 1.8102838655832567
apot = 0.1366955548988638
bpot = 0.0626468712569576
alp = 1.3700873526445274
alpb = 0.0000000000000000
wm = 0.0000000000000000
wh = 0.0000000000000000
&end
